max = 5.0756001472473145
min = -5.4593000411987305