max = 5.0756001472473145
min = -4.723100185394287